7.731738000438372893e-01
4.518183116696808943e-01
9.313406084189644885e-01
2.265030156286177432e-01
1.062490894487757576e-01
5.365544180888243142e-01
1.432777445020350093e-03
6.273229261142504454e-01
1.231872437783301244e-01
8.950845070721478169e-01
8.962243135488128232e-01
3.547088056339405826e-01
5.733003805946312870e-01
9.796090224769545829e-01
9.309762321831469567e-01
3.464652863591937137e-01
7.888388118801155091e-01
6.290984096569204320e-01
1.879055607879343004e-01
4.183361369995836077e-01
7.169155347873807926e-01
5.660755626424170961e-01
9.207386992789476921e-01
5.438285465451973000e-01
2.427573282309047897e-01
7.176103809947360634e-01
5.794151088771801739e-01
9.754462761533073678e-01
5.580545415453683766e-01
9.994558057582508814e-01
8.865540696476308380e-01
5.067794495843833680e-01
8.600291914938651416e-01
6.777273151781445515e-01
5.261376518724807383e-01
4.996472831980642848e-01
8.002743879811091698e-01
7.458474223619914190e-01
8.171822309244737292e-01
6.261908092542955995e-02
9.402663922409647546e-01
4.393297204657243826e-01
9.660530374299910461e-01
2.866553995791992770e-01
1.106779035329803484e-01
6.273271970076476078e-01
3.722140367376990389e-01
6.835697470267151354e-01
1.666050904121564313e-01
1.307246898335163721e-01
7.582144866734708000e-01
1.077276296510066844e-01
1.181169801170850464e-01
5.720293419001943880e-01
4.519387035601327707e-01
3.299590712748489141e-01
8.796197924763760057e-01
7.034385130943406894e-01
6.926684290800322330e-01
5.059513175366774362e-01
8.718161538165901669e-01
5.930861072418773805e-01
4.099753129099735771e-01
5.950990703100645929e-01
9.027913558811383465e-01
7.813164075223525407e-01
6.952433613186213002e-01
4.888055789395227002e-01
7.818844213157211120e-01
2.483037848255910118e-01
7.924851996456115932e-01
4.684780131930821323e-01
9.943483009470853728e-01
8.038817132362252593e-02
3.905019935711698809e-01
9.701696558183512398e-01
8.381078874544545254e-01
9.228496932419526511e-01
7.498369580814623347e-02
7.914630711548236164e-01
7.053842073935452373e-01
1.370824506479437765e-01
8.696030394990869050e-01
4.728738340359472936e-03
6.427686225146779231e-01
6.636210070527861493e-01
4.200405857687038447e-01
5.586475002513868748e-02
9.210590336013437796e-01
2.442633218019675256e-01
3.848639482494642383e-02
2.304260912282223295e-01
4.490360020242324390e-01
6.719384583073628736e-01
6.506729779617415055e-01
5.980559506882551224e-01
5.608146251278350869e-01
3.855316755772669746e-01
2.257551014458456518e-01
1.930998757253137299e-01
0.000000000000000000e+00
0.000000000000000000e+00
0.000000000000000000e+00
0.000000000000000000e+00
0.000000000000000000e+00
0.000000000000000000e+00
0.000000000000000000e+00
0.000000000000000000e+00
0.000000000000000000e+00
0.000000000000000000e+00
0.000000000000000000e+00
0.000000000000000000e+00
0.000000000000000000e+00
0.000000000000000000e+00
0.000000000000000000e+00
0.000000000000000000e+00
0.000000000000000000e+00
0.000000000000000000e+00
0.000000000000000000e+00
0.000000000000000000e+00
0.000000000000000000e+00
0.000000000000000000e+00
0.000000000000000000e+00
0.000000000000000000e+00
0.000000000000000000e+00
0.000000000000000000e+00
0.000000000000000000e+00
0.000000000000000000e+00
0.000000000000000000e+00
0.000000000000000000e+00
0.000000000000000000e+00
0.000000000000000000e+00
0.000000000000000000e+00
0.000000000000000000e+00
0.000000000000000000e+00
0.000000000000000000e+00
0.000000000000000000e+00
0.000000000000000000e+00
0.000000000000000000e+00
0.000000000000000000e+00
0.000000000000000000e+00
0.000000000000000000e+00
0.000000000000000000e+00
0.000000000000000000e+00
0.000000000000000000e+00
0.000000000000000000e+00
0.000000000000000000e+00
0.000000000000000000e+00
0.000000000000000000e+00
0.000000000000000000e+00
0.000000000000000000e+00
0.000000000000000000e+00
0.000000000000000000e+00
0.000000000000000000e+00
0.000000000000000000e+00
0.000000000000000000e+00
0.000000000000000000e+00
0.000000000000000000e+00
0.000000000000000000e+00
0.000000000000000000e+00
0.000000000000000000e+00
0.000000000000000000e+00
0.000000000000000000e+00
0.000000000000000000e+00
0.000000000000000000e+00
0.000000000000000000e+00
0.000000000000000000e+00
0.000000000000000000e+00
0.000000000000000000e+00
0.000000000000000000e+00
0.000000000000000000e+00
0.000000000000000000e+00
0.000000000000000000e+00
0.000000000000000000e+00
0.000000000000000000e+00
0.000000000000000000e+00
0.000000000000000000e+00
0.000000000000000000e+00
0.000000000000000000e+00
0.000000000000000000e+00
0.000000000000000000e+00
0.000000000000000000e+00
0.000000000000000000e+00
0.000000000000000000e+00
0.000000000000000000e+00
0.000000000000000000e+00
0.000000000000000000e+00
0.000000000000000000e+00
0.000000000000000000e+00
0.000000000000000000e+00
0.000000000000000000e+00
0.000000000000000000e+00
0.000000000000000000e+00
0.000000000000000000e+00
0.000000000000000000e+00
0.000000000000000000e+00
0.000000000000000000e+00
0.000000000000000000e+00
0.000000000000000000e+00
0.000000000000000000e+00
