9.688850680382599112e-01
4.751310172882726723e-01
4.895236336159332069e-01
2.422184145966173041e-01
6.540337235746548350e-01
1.097531380595435646e-01
1.231439347480076663e-01
5.676777902274624532e-01
8.693965597451158711e-02
5.098533382471137632e-02
2.585490566666689416e-01
4.846390634201768188e-01
2.791342704919389517e-01
7.242549271904398234e-01
1.241497005549361266e-01
5.477525238069077540e-01
2.416912579050346510e-01
7.268618678649285680e-02
1.350359924703303793e-01
5.967222640967935199e-01
6.391940081664356788e-01
3.872815843062548113e-01
1.513891678085361736e-01
9.292214877461358880e-01
9.345431228448234373e-01
1.888892802387928116e-01
5.476670669982114381e-01
5.784420739717475168e-01
9.608072152084121686e-01
3.865432857463941829e-01
9.774501556635853960e-01
2.353509704298746286e-01
4.136323322340884623e-02
5.234887575640082558e-01
5.221742997944031073e-01
3.570901260538474897e-01
2.317696158042872323e-01
5.742208730506767056e-01
5.024863775346786188e-01
3.028048828919308599e-01
8.681154859654400813e-01
8.193576509139852693e-01
5.804592420128504848e-01
2.153237937721015349e-01
5.383830570024871198e-01
6.515940249841717380e-01
7.482737837355217803e-01
1.106395693602163499e-01
2.781350361074390598e-01
5.257016278408273013e-01
5.931479197553911620e-01
7.071598896751952745e-01
5.302879715054364951e-02
7.839557590223853456e-01
8.747538287777367749e-02
1.308435748477363436e-01
3.957201043065854407e-01
6.478698816913464054e-01
2.067391593767220481e-01
9.954069465508759151e-01
6.867057449028298732e-01
1.091583042186847763e-01
1.208306050053066238e-01
8.099759944682249913e-01
2.357700482631905903e-01
8.410255112294265922e-01
2.494539217627388394e-01
4.592663351934740401e-01
8.870957582059522117e-01
1.983017064054469758e-01
1.489995041716707380e-01
9.431790738654780570e-01
3.767195180879279182e-01
1.559619486607747296e-01
4.127923078255355538e-01
7.609011599992568931e-01
6.111831444621077525e-01
4.983880368091597735e-01
5.377269801779207548e-01
1.983506501414482592e-01
2.874386839208982192e-01
3.179860134631664614e-01
1.416539121936415402e-01
4.459956773572923971e-01
9.603339672589699116e-01
1.912601578303575467e-01
1.203529773304220507e-01
1.958614419185156219e-02
2.384879742207887121e-01
1.018250940740952348e-01
1.563628980544681246e-01
2.858145987134873556e-01
7.240236584781286622e-01
3.150188031869189942e-01
2.309425440655463735e-01
3.450512244091838987e-01
8.035553537253103951e-02
7.058623815003127744e-01
5.500513474609054487e-01
2.171325416168990996e-01
